datetime,event,aspecting_planet,aspecting_sign,aspecting_sign_vi,aspecting_degree,aspecting_nakshatra,aspecting_nakshatra_lord,aspecting_pada,aspected_planet,aspected_sign,aspected_sign_vi,aspected_degree,aspected_nakshatra,aspected_nakshatra_lord,aspected_pada,aspect_type,aspect_house,target_angle,actual_angle,orb,strength
2026-01-29 00:00:00,Parashara_Drishti,Mercury,Capricorn,Ma Kết,"19°28'05.88""",Shravana,Moon,3,Venus,Capricorn,Ma Kết,"19°49'22.13""",Shravana,Moon,3,0th House,0,0,0.3545,0.3545,Standard
2026-01-29 00:00:00,Parashara_Drishti,Venus,Capricorn,Ma Kết,"19°49'22.13""",Shravana,Moon,3,Mercury,Capricorn,Ma Kết,"19°28'05.88""",Shravana,Moon,3,0th House,0,0,359.6455,0.3545,Standard
2026-01-29 00:15:00,Parashara_Drishti,Mercury,Capricorn,Ma Kết,"19°29'11.31""",Shravana,Moon,3,Venus,Capricorn,Ma Kết,"19°50'09.21""",Shravana,Moon,3,0th House,0,0,0.3494,0.3494,Standard
2026-01-29 00:15:00,Parashara_Drishti,Venus,Capricorn,Ma Kết,"19°50'09.21""",Shravana,Moon,3,Mercury,Capricorn,Ma Kết,"19°29'11.31""",Shravana,Moon,3,0th House,0,0,359.6506,0.3494,Standard
2026-01-29 00:30:00,Parashara_Drishti,Mercury,Capricorn,Ma Kết,"19°30'16.74""",Shravana,Moon,3,Venus,Capricorn,Ma Kết,"19°50'56.28""",Shravana,Moon,3,0th House,0,0,0.3443,0.3443,Standard
2026-01-29 00:30:00,Parashara_Drishti,Venus,Capricorn,Ma Kết,"19°50'56.28""",Shravana,Moon,3,Mercury,Capricorn,Ma Kết,"19°30'16.74""",Shravana,Moon,3,0th House,0,0,359.6557,0.3443,Standard
2026-01-29 00:45:00,Parashara_Drishti,Mercury,Capricorn,Ma Kết,"19°31'22.18""",Shravana,Moon,3,Venus,Capricorn,Ma Kết,"19°51'43.36""",Shravana,Moon,3,0th House,0,0,0.3392,0.3392,Standard
2026-01-29 00:45:00,Parashara_Drishti,Venus,Capricorn,Ma Kết,"19°51'43.36""",Shravana,Moon,3,Mercury,Capricorn,Ma Kết,"19°31'22.18""",Shravana,Moon,3,0th House,0,0,359.6608,0.3392,Standard
2026-01-29 01:00:00,Parashara_Drishti,Mercury,Capricorn,Ma Kết,"19°32'27.61""",Shravana,Moon,3,Venus,Capricorn,Ma Kết,"19°52'30.44""",Shravana,Moon,3,0th House,0,0,0.3341,0.3341,Standard
2026-01-29 01:00:00,Parashara_Drishti,Venus,Capricorn,Ma Kết,"19°52'30.44""",Shravana,Moon,3,Mercury,Capricorn,Ma Kết,"19°32'27.61""",Shravana,Moon,3,0th House,0,0,359.6659,0.3341,Standard
2026-01-29 01:15:00,Parashara_Drishti,Mercury,Capricorn,Ma Kết,"19°33'33.06""",Shravana,Moon,3,Venus,Capricorn,Ma Kết,"19°53'17.52""",Shravana,Moon,3,0th House,0,0,0.329,0.329,Standard
2026-01-29 01:15:00,Parashara_Drishti,Venus,Capricorn,Ma Kết,"19°53'17.52""",Shravana,Moon,3,Mercury,Capricorn,Ma Kết,"19°33'33.06""",Shravana,Moon,3,0th House,0,0,359.671,0.329,Standard
2026-01-29 01:30:00,Parashara_Drishti,Mercury,Capricorn,Ma Kết,"19°34'38.50""",Shravana,Moon,3,Venus,Capricorn,Ma Kết,"19°54'04.60""",Shravana,Moon,3,0th House,0,0,0.3239,0.3239,Standard
2026-01-29 01:30:00,Parashara_Drishti,Venus,Capricorn,Ma Kết,"19°54'04.60""",Shravana,Moon,3,Mercury,Capricorn,Ma Kết,"19°34'38.50""",Shravana,Moon,3,0th House,0,0,359.6761,0.3239,Standard
2026-01-29 01:45:00,Parashara_Drishti,Mercury,Capricorn,Ma Kết,"19°35'43.95""",Shravana,Moon,3,Venus,Capricorn,Ma Kết,"19°54'51.67""",Shravana,Moon,3,0th House,0,0,0.3188,0.3188,Standard
2026-01-29 01:45:00,Parashara_Drishti,Venus,Capricorn,Ma Kết,"19°54'51.67""",Shravana,Moon,3,Mercury,Capricorn,Ma Kết,"19°35'43.95""",Shravana,Moon,3,0th House,0,0,359.6812,0.3188,Standard
2026-01-29 02:00:00,Parashara_Drishti,Mercury,Capricorn,Ma Kết,"19°36'49.40""",Shravana,Moon,3,Venus,Capricorn,Ma Kết,"19°55'38.75""",Shravana,Moon,3,0th House,0,0,0.3137,0.3137,Standard
2026-01-29 02:00:00,Parashara_Drishti,Venus,Capricorn,Ma Kết,"19°55'38.75""",Shravana,Moon,3,Mercury,Capricorn,Ma Kết,"19°36'49.40""",Shravana,Moon,3,0th House,0,0,359.6863,0.3137,Standard
2026-01-29 02:15:00,Parashara_Drishti,Mercury,Capricorn,Ma Kết,"19°37'54.85""",Shravana,Moon,3,Venus,Capricorn,Ma Kết,"19°56'25.83""",Shravana,Moon,3,0th House,0,0,0.3086,0.3086,Standard
2026-01-29 02:15:00,Parashara_Drishti,Venus,Capricorn,Ma Kết,"19°56'25.83""",Shravana,Moon,3,Mercury,Capricorn,Ma Kết,"19°37'54.85""",Shravana,Moon,3,0th House,0,0,359.6914,0.3086,Standard
2026-01-29 02:30:00,Parashara_Drishti,Mercury,Capricorn,Ma Kết,"19°39'00.31""",Shravana,Moon,3,Venus,Capricorn,Ma Kết,"19°57'12.91""",Shravana,Moon,3,0th House,0,0,0.3035,0.3035,Standard
2026-01-29 02:30:00,Parashara_Drishti,Venus,Capricorn,Ma Kết,"19°57'12.91""",Shravana,Moon,3,Mercury,Capricorn,Ma Kết,"19°39'00.31""",Shravana,Moon,3,0th House,0,0,359.6965,0.3035,Standard
2026-01-29 02:45:00,Parashara_Drishti,Mercury,Capricorn,Ma Kết,"19°40'05.77""",Shravana,Moon,3,Venus,Capricorn,Ma Kết,"19°57'59.98""",Shravana,Moon,3,0th House,0,0,0.2984,0.2984,Standard
2026-01-29 02:45:00,Parashara_Drishti,Venus,Capricorn,Ma Kết,"19°57'59.98""",Shravana,Moon,3,Mercury,Capricorn,Ma Kết,"19°40'05.77""",Shravana,Moon,3,0th House,0,0,359.7016,0.2984,Standard
2026-01-29 03:00:00,Parashara_Drishti,Mercury,Capricorn,Ma Kết,"19°41'11.24""",Shravana,Moon,3,Venus,Capricorn,Ma Kết,"19°58'47.06""",Shravana,Moon,3,0th House,0,0,0.2933,0.2933,Standard
2026-01-29 03:00:00,Parashara_Drishti,Venus,Capricorn,Ma Kết,"19°58'47.06""",Shravana,Moon,3,Mercury,Capricorn,Ma Kết,"19°41'11.24""",Shravana,Moon,3,0th House,0,0,359.7067,0.2933,Standard
2026-01-29 03:15:00,Parashara_Drishti,Mercury,Capricorn,Ma Kết,"19°42'16.70""",Shravana,Moon,3,Venus,Capricorn,Ma Kết,"19°59'34.14""",Shravana,Moon,3,0th House,0,0,0.2882,0.2882,Standard
2026-01-29 03:15:00,Parashara_Drishti,Venus,Capricorn,Ma Kết,"19°59'34.14""",Shravana,Moon,3,Mercury,Capricorn,Ma Kết,"19°42'16.70""",Shravana,Moon,3,0th House,0,0,359.7118,0.2882,Standard
2026-01-29 03:30:00,Parashara_Drishti,Mercury,Capricorn,Ma Kết,"19°43'22.17""",Shravana,Moon,3,Venus,Capricorn,Ma Kết,"20°00'21.22""",Shravana,Moon,4,0th House,0,0,0.2831,0.2831,Standard
2026-01-29 03:30:00,Parashara_Drishti,Venus,Capricorn,Ma Kết,"20°00'21.22""",Shravana,Moon,4,Mercury,Capricorn,Ma Kết,"19°43'22.17""",Shravana,Moon,3,0th House,0,0,359.7169,0.2831,Standard
2026-01-29 03:45:00,Parashara_Drishti,Mercury,Capricorn,Ma Kết,"19°44'27.65""",Shravana,Moon,3,Venus,Capricorn,Ma Kết,"20°01'08.29""",Shravana,Moon,4,0th House,0,0,0.278,0.278,Standard
2026-01-29 03:45:00,Parashara_Drishti,Venus,Capricorn,Ma Kết,"20°01'08.29""",Shravana,Moon,4,Mercury,Capricorn,Ma Kết,"19°44'27.65""",Shravana,Moon,3,0th House,0,0,359.722,0.278,Standard
2026-01-29 04:00:00,Parashara_Drishti,Mercury,Capricorn,Ma Kết,"19°45'33.12""",Shravana,Moon,3,Venus,Capricorn,Ma Kết,"20°01'55.37""",Shravana,Moon,4,0th House,0,0,0.2728,0.2728,Standard
2026-01-29 04:00:00,Parashara_Drishti,Venus,Capricorn,Ma Kết,"20°01'55.37""",Shravana,Moon,4,Mercury,Capricorn,Ma Kết,"19°45'33.12""",Shravana,Moon,3,0th House,0,0,359.7272,0.2728,Standard
2026-01-29 04:15:00,Parashara_Drishti,Mercury,Capricorn,Ma Kết,"19°46'38.60""",Shravana,Moon,3,Venus,Capricorn,Ma Kết,"20°02'42.45""",Shravana,Moon,4,0th House,0,0,0.2677,0.2677,Standard
2026-01-29 04:15:00,Parashara_Drishti,Venus,Capricorn,Ma Kết,"20°02'42.45""",Shravana,Moon,4,Mercury,Capricorn,Ma Kết,"19°46'38.60""",Shravana,Moon,3,0th House,0,0,359.7323,0.2677,Standard
2026-01-29 04:30:00,Parashara_Drishti,Mercury,Capricorn,Ma Kết,"19°47'44.08""",Shravana,Moon,3,Venus,Capricorn,Ma Kết,"20°03'29.52""",Shravana,Moon,4,0th House,0,0,0.2626,0.2626,Standard
2026-01-29 04:30:00,Parashara_Drishti,Venus,Capricorn,Ma Kết,"20°03'29.52""",Shravana,Moon,4,Mercury,Capricorn,Ma Kết,"19°47'44.08""",Shravana,Moon,3,0th House,0,0,359.7374,0.2626,Standard
2026-01-29 04:45:00,Parashara_Drishti,Mercury,Capricorn,Ma Kết,"19°48'49.57""",Shravana,Moon,3,Venus,Capricorn,Ma Kết,"20°04'16.60""",Shravana,Moon,4,0th House,0,0,0.2575,0.2575,Standard
2026-01-29 04:45:00,Parashara_Drishti,Venus,Capricorn,Ma Kết,"20°04'16.60""",Shravana,Moon,4,Mercury,Capricorn,Ma Kết,"19°48'49.57""",Shravana,Moon,3,0th House,0,0,359.7425,0.2575,Standard
2026-01-29 05:00:00,Parashara_Drishti,Mercury,Capricorn,Ma Kết,"19°49'55.06""",Shravana,Moon,3,Venus,Capricorn,Ma Kết,"20°05'03.68""",Shravana,Moon,4,0th House,0,0,0.2524,0.2524,Standard
2026-01-29 05:00:00,Parashara_Drishti,Venus,Capricorn,Ma Kết,"20°05'03.68""",Shravana,Moon,4,Mercury,Capricorn,Ma Kết,"19°49'55.06""",Shravana,Moon,3,0th House,0,0,359.7476,0.2524,Standard
2026-01-29 05:15:00,Parashara_Drishti,Mercury,Capricorn,Ma Kết,"19°51'00.55""",Shravana,Moon,3,Venus,Capricorn,Ma Kết,"20°05'50.75""",Shravana,Moon,4,0th House,0,0,0.2473,0.2473,Standard
2026-01-29 05:15:00,Parashara_Drishti,Venus,Capricorn,Ma Kết,"20°05'50.75""",Shravana,Moon,4,Mercury,Capricorn,Ma Kết,"19°51'00.55""",Shravana,Moon,3,0th House,0,0,359.7527,0.2473,Standard
2026-01-29 05:30:00,Parashara_Drishti,Mercury,Capricorn,Ma Kết,"19°52'06.04""",Shravana,Moon,3,Venus,Capricorn,Ma Kết,"20°06'37.83""",Shravana,Moon,4,0th House,0,0,0.2422,0.2422,Standard
2026-01-29 05:30:00,Parashara_Drishti,Venus,Capricorn,Ma Kết,"20°06'37.83""",Shravana,Moon,4,Mercury,Capricorn,Ma Kết,"19°52'06.04""",Shravana,Moon,3,0th House,0,0,359.7578,0.2422,Standard
2026-01-29 05:45:00,Parashara_Drishti,Mercury,Capricorn,Ma Kết,"19°53'11.54""",Shravana,Moon,3,Venus,Capricorn,Ma Kết,"20°07'24.91""",Shravana,Moon,4,0th House,0,0,0.237,0.237,Standard
2026-01-29 05:45:00,Parashara_Drishti,Venus,Capricorn,Ma Kết,"20°07'24.91""",Shravana,Moon,4,Mercury,Capricorn,Ma Kết,"19°53'11.54""",Shravana,Moon,3,0th House,0,0,359.763,0.237,Standard
2026-01-29 06:00:00,Parashara_Drishti,Mercury,Capricorn,Ma Kết,"19°54'17.04""",Shravana,Moon,3,Venus,Capricorn,Ma Kết,"20°08'11.98""",Shravana,Moon,4,0th House,0,0,0.2319,0.2319,Standard
2026-01-29 06:00:00,Parashara_Drishti,Venus,Capricorn,Ma Kết,"20°08'11.98""",Shravana,Moon,4,Mercury,Capricorn,Ma Kết,"19°54'17.04""",Shravana,Moon,3,0th House,0,0,359.7681,0.2319,Standard
2026-01-29 06:15:00,Parashara_Drishti,Mercury,Capricorn,Ma Kết,"19°55'22.55""",Shravana,Moon,3,Venus,Capricorn,Ma Kết,"20°08'59.06""",Shravana,Moon,4,0th House,0,0,0.2268,0.2268,Standard
2026-01-29 06:15:00,Parashara_Drishti,Venus,Capricorn,Ma Kết,"20°08'59.06""",Shravana,Moon,4,Mercury,Capricorn,Ma Kết,"19°55'22.55""",Shravana,Moon,3,0th House,0,0,359.7732,0.2268,Standard
2026-01-29 06:30:00,Parashara_Drishti,Mercury,Capricorn,Ma Kết,"19°56'28.05""",Shravana,Moon,3,Venus,Capricorn,Ma Kết,"20°09'46.13""",Shravana,Moon,4,0th House,0,0,0.2217,0.2217,Standard
2026-01-29 06:30:00,Parashara_Drishti,Venus,Capricorn,Ma Kết,"20°09'46.13""",Shravana,Moon,4,Mercury,Capricorn,Ma Kết,"19°56'28.05""",Shravana,Moon,3,0th House,0,0,359.7783,0.2217,Standard
2026-01-29 06:45:00,Parashara_Drishti,Mercury,Capricorn,Ma Kết,"19°57'33.56""",Shravana,Moon,3,Venus,Capricorn,Ma Kết,"20°10'33.21""",Shravana,Moon,4,0th House,0,0,0.2166,0.2166,Standard
2026-01-29 06:45:00,Parashara_Drishti,Venus,Capricorn,Ma Kết,"20°10'33.21""",Shravana,Moon,4,Mercury,Capricorn,Ma Kết,"19°57'33.56""",Shravana,Moon,3,0th House,0,0,359.7834,0.2166,Standard
2026-01-29 07:00:00,Parashara_Drishti,Mercury,Capricorn,Ma Kết,"19°58'39.08""",Shravana,Moon,3,Venus,Capricorn,Ma Kết,"20°11'20.29""",Shravana,Moon,4,0th House,0,0,0.2114,0.2114,Standard
2026-01-29 07:00:00,Parashara_Drishti,Venus,Capricorn,Ma Kết,"20°11'20.29""",Shravana,Moon,4,Mercury,Capricorn,Ma Kết,"19°58'39.08""",Shravana,Moon,3,0th House,0,0,359.7886,0.2114,Standard
2026-01-29 07:15:00,Parashara_Drishti,Mercury,Capricorn,Ma Kết,"19°59'44.59""",Shravana,Moon,3,Venus,Capricorn,Ma Kết,"20°12'07.36""",Shravana,Moon,4,0th House,0,0,0.2063,0.2063,Standard
2026-01-29 07:15:00,Parashara_Drishti,Venus,Capricorn,Ma Kết,"20°12'07.36""",Shravana,Moon,4,Mercury,Capricorn,Ma Kết,"19°59'44.59""",Shravana,Moon,3,0th House,0,0,359.7937,0.2063,Standard
2026-01-29 07:30:00,Parashara_Drishti,Mercury,Capricorn,Ma Kết,"20°00'50.11""",Shravana,Moon,4,Venus,Capricorn,Ma Kết,"20°12'54.44""",Shravana,Moon,4,0th House,0,0,0.2012,0.2012,Standard
2026-01-29 07:30:00,Parashara_Drishti,Venus,Capricorn,Ma Kết,"20°12'54.44""",Shravana,Moon,4,Mercury,Capricorn,Ma Kết,"20°00'50.11""",Shravana,Moon,4,0th House,0,0,359.7988,0.2012,Standard
2026-01-29 07:45:00,Parashara_Drishti,Mercury,Capricorn,Ma Kết,"20°01'55.63""",Shravana,Moon,4,Venus,Capricorn,Ma Kết,"20°13'41.51""",Shravana,Moon,4,0th House,0,0,0.1961,0.1961,Standard
2026-01-29 07:45:00,Parashara_Drishti,Venus,Capricorn,Ma Kết,"20°13'41.51""",Shravana,Moon,4,Mercury,Capricorn,Ma Kết,"20°01'55.63""",Shravana,Moon,4,0th House,0,0,359.8039,0.1961,Standard
2026-01-29 08:00:00,Parashara_Drishti,Mercury,Capricorn,Ma Kết,"20°03'01.16""",Shravana,Moon,4,Venus,Capricorn,Ma Kết,"20°14'28.59""",Shravana,Moon,4,0th House,0,0,0.191,0.191,Standard
2026-01-29 08:00:00,Parashara_Drishti,Venus,Capricorn,Ma Kết,"20°14'28.59""",Shravana,Moon,4,Mercury,Capricorn,Ma Kết,"20°03'01.16""",Shravana,Moon,4,0th House,0,0,359.809,0.191,Standard
2026-01-29 08:15:00,Parashara_Drishti,Mercury,Capricorn,Ma Kết,"20°04'06.69""",Shravana,Moon,4,Venus,Capricorn,Ma Kết,"20°15'15.66""",Shravana,Moon,4,0th House,0,0,0.1858,0.1858,Standard
2026-01-29 08:15:00,Parashara_Drishti,Venus,Capricorn,Ma Kết,"20°15'15.66""",Shravana,Moon,4,Mercury,Capricorn,Ma Kết,"20°04'06.69""",Shravana,Moon,4,0th House,0,0,359.8142,0.1858,Standard
2026-01-29 08:30:00,Parashara_Drishti,Mercury,Capricorn,Ma Kết,"20°05'12.22""",Shravana,Moon,4,Venus,Capricorn,Ma Kết,"20°16'02.74""",Shravana,Moon,4,0th House,0,0,0.1807,0.1807,Standard
2026-01-29 08:30:00,Parashara_Drishti,Venus,Capricorn,Ma Kết,"20°16'02.74""",Shravana,Moon,4,Mercury,Capricorn,Ma Kết,"20°05'12.22""",Shravana,Moon,4,0th House,0,0,359.8193,0.1807,Standard
2026-01-29 08:45:00,Parashara_Drishti,Mercury,Capricorn,Ma Kết,"20°06'17.75""",Shravana,Moon,4,Venus,Capricorn,Ma Kết,"20°16'49.82""",Shravana,Moon,4,0th House,0,0,0.1756,0.1756,Standard
2026-01-29 08:45:00,Parashara_Drishti,Venus,Capricorn,Ma Kết,"20°16'49.82""",Shravana,Moon,4,Mercury,Capricorn,Ma Kết,"20°06'17.75""",Shravana,Moon,4,0th House,0,0,359.8244,0.1756,Standard
2026-01-29 09:00:00,Parashara_Drishti,Mercury,Capricorn,Ma Kết,"20°07'23.29""",Shravana,Moon,4,Venus,Capricorn,Ma Kết,"20°17'36.89""",Shravana,Moon,4,0th House,0,0,0.1704,0.1704,Standard
2026-01-29 09:00:00,Parashara_Drishti,Venus,Capricorn,Ma Kết,"20°17'36.89""",Shravana,Moon,4,Mercury,Capricorn,Ma Kết,"20°07'23.29""",Shravana,Moon,4,0th House,0,0,359.8296,0.1704,Standard
2026-01-29 09:15:00,Parashara_Drishti,Mercury,Capricorn,Ma Kết,"20°08'28.83""",Shravana,Moon,4,Venus,Capricorn,Ma Kết,"20°18'23.97""",Shravana,Moon,4,0th House,0,0,0.1653,0.1653,Standard
2026-01-29 09:15:00,Parashara_Drishti,Venus,Capricorn,Ma Kết,"20°18'23.97""",Shravana,Moon,4,Mercury,Capricorn,Ma Kết,"20°08'28.83""",Shravana,Moon,4,0th House,0,0,359.8347,0.1653,Standard
2026-01-29 09:30:00,Parashara_Drishti,Mercury,Capricorn,Ma Kết,"20°09'34.38""",Shravana,Moon,4,Venus,Capricorn,Ma Kết,"20°19'11.04""",Shravana,Moon,4,0th House,0,0,0.1602,0.1602,Standard
2026-01-29 09:30:00,Parashara_Drishti,Venus,Capricorn,Ma Kết,"20°19'11.04""",Shravana,Moon,4,Mercury,Capricorn,Ma Kết,"20°09'34.38""",Shravana,Moon,4,0th House,0,0,359.8398,0.1602,Standard
2026-01-29 09:45:00,Parashara_Drishti,Mercury,Capricorn,Ma Kết,"20°10'39.92""",Shravana,Moon,4,Venus,Capricorn,Ma Kết,"20°19'58.12""",Shravana,Moon,4,0th House,0,0,0.1551,0.1551,Standard
2026-01-29 09:45:00,Parashara_Drishti,Venus,Capricorn,Ma Kết,"20°19'58.12""",Shravana,Moon,4,Mercury,Capricorn,Ma Kết,"20°10'39.92""",Shravana,Moon,4,0th House,0,0,359.8449,0.1551,Standard
2026-01-29 10:00:00,Parashara_Drishti,Mercury,Capricorn,Ma Kết,"20°11'45.47""",Shravana,Moon,4,Venus,Capricorn,Ma Kết,"20°20'45.19""",Shravana,Moon,4,0th House,0,0,0.1499,0.1499,Standard
2026-01-29 10:00:00,Parashara_Drishti,Venus,Capricorn,Ma Kết,"20°20'45.19""",Shravana,Moon,4,Mercury,Capricorn,Ma Kết,"20°11'45.47""",Shravana,Moon,4,0th House,0,0,359.8501,0.1499,Standard
2026-01-29 10:15:00,Parashara_Drishti,Mercury,Capricorn,Ma Kết,"20°12'51.02""",Shravana,Moon,4,Venus,Capricorn,Ma Kết,"20°21'32.27""",Shravana,Moon,4,0th House,0,0,0.1448,0.1448,Standard
2026-01-29 10:15:00,Parashara_Drishti,Venus,Capricorn,Ma Kết,"20°21'32.27""",Shravana,Moon,4,Mercury,Capricorn,Ma Kết,"20°12'51.02""",Shravana,Moon,4,0th House,0,0,359.8552,0.1448,Standard
2026-01-29 10:30:00,Parashara_Drishti,Mercury,Capricorn,Ma Kết,"20°13'56.58""",Shravana,Moon,4,Venus,Capricorn,Ma Kết,"20°22'19.34""",Shravana,Moon,4,0th House,0,0,0.1397,0.1397,Standard
2026-01-29 10:30:00,Parashara_Drishti,Venus,Capricorn,Ma Kết,"20°22'19.34""",Shravana,Moon,4,Mercury,Capricorn,Ma Kết,"20°13'56.58""",Shravana,Moon,4,0th House,0,0,359.8603,0.1397,Standard
2026-01-29 10:45:00,Parashara_Drishti,Mercury,Capricorn,Ma Kết,"20°15'02.14""",Shravana,Moon,4,Venus,Capricorn,Ma Kết,"20°23'06.41""",Shravana,Moon,4,0th House,0,0,0.1345,0.1345,Standard
2026-01-29 10:45:00,Parashara_Drishti,Venus,Capricorn,Ma Kết,"20°23'06.41""",Shravana,Moon,4,Mercury,Capricorn,Ma Kết,"20°15'02.14""",Shravana,Moon,4,0th House,0,0,359.8655,0.1345,Standard
2026-01-29 11:00:00,Parashara_Drishti,Mercury,Capricorn,Ma Kết,"20°16'07.70""",Shravana,Moon,4,Venus,Capricorn,Ma Kết,"20°23'53.49""",Shravana,Moon,4,0th House,0,0,0.1294,0.1294,Standard
2026-01-29 11:00:00,Parashara_Drishti,Venus,Capricorn,Ma Kết,"20°23'53.49""",Shravana,Moon,4,Mercury,Capricorn,Ma Kết,"20°16'07.70""",Shravana,Moon,4,0th House,0,0,359.8706,0.1294,Standard
2026-01-29 11:15:00,Parashara_Drishti,Mercury,Capricorn,Ma Kết,"20°17'13.27""",Shravana,Moon,4,Venus,Capricorn,Ma Kết,"20°24'40.56""",Shravana,Moon,4,0th House,0,0,0.1242,0.1242,Standard
2026-01-29 11:15:00,Parashara_Drishti,Venus,Capricorn,Ma Kết,"20°24'40.56""",Shravana,Moon,4,Mercury,Capricorn,Ma Kết,"20°17'13.27""",Shravana,Moon,4,0th House,0,0,359.8758,0.1242,Standard
2026-01-29 11:30:00,Parashara_Drishti,Mercury,Capricorn,Ma Kết,"20°18'18.83""",Shravana,Moon,4,Venus,Capricorn,Ma Kết,"20°25'27.64""",Shravana,Moon,4,0th House,0,0,0.1191,0.1191,Standard
2026-01-29 11:30:00,Parashara_Drishti,Venus,Capricorn,Ma Kết,"20°25'27.64""",Shravana,Moon,4,Mercury,Capricorn,Ma Kết,"20°18'18.83""",Shravana,Moon,4,0th House,0,0,359.8809,0.1191,Standard
2026-01-29 11:45:00,Parashara_Drishti,Mercury,Capricorn,Ma Kết,"20°19'24.41""",Shravana,Moon,4,Venus,Capricorn,Ma Kết,"20°26'14.71""",Shravana,Moon,4,0th House,0,0,0.114,0.114,Standard
2026-01-29 11:45:00,Parashara_Drishti,Venus,Capricorn,Ma Kết,"20°26'14.71""",Shravana,Moon,4,Mercury,Capricorn,Ma Kết,"20°19'24.41""",Shravana,Moon,4,0th House,0,0,359.886,0.114,Standard
2026-01-29 12:00:00,Parashara_Drishti,Mercury,Capricorn,Ma Kết,"20°20'29.98""",Shravana,Moon,4,Venus,Capricorn,Ma Kết,"20°27'01.79""",Shravana,Moon,4,0th House,0,0,0.1088,0.1088,Standard
2026-01-29 12:00:00,Parashara_Drishti,Venus,Capricorn,Ma Kết,"20°27'01.79""",Shravana,Moon,4,Mercury,Capricorn,Ma Kết,"20°20'29.98""",Shravana,Moon,4,0th House,0,0,359.8912,0.1088,Standard
2026-01-29 12:15:00,Parashara_Drishti,Mercury,Capricorn,Ma Kết,"20°21'35.56""",Shravana,Moon,4,Venus,Capricorn,Ma Kết,"20°27'48.86""",Shravana,Moon,4,0th House,0,0,0.1037,0.1037,Standard
2026-01-29 12:15:00,Parashara_Drishti,Venus,Capricorn,Ma Kết,"20°27'48.86""",Shravana,Moon,4,Mercury,Capricorn,Ma Kết,"20°21'35.56""",Shravana,Moon,4,0th House,0,0,359.8963,0.1037,Standard
2026-01-29 12:30:00,Parashara_Drishti,Mercury,Capricorn,Ma Kết,"20°22'41.14""",Shravana,Moon,4,Venus,Capricorn,Ma Kết,"20°28'35.93""",Shravana,Moon,4,0th House,0,0,0.0986,0.0986,Standard
2026-01-29 12:30:00,Parashara_Drishti,Venus,Capricorn,Ma Kết,"20°28'35.93""",Shravana,Moon,4,Mercury,Capricorn,Ma Kết,"20°22'41.14""",Shravana,Moon,4,0th House,0,0,359.9014,0.0986,Standard
2026-01-29 12:45:00,Parashara_Drishti,Mercury,Capricorn,Ma Kết,"20°23'46.72""",Shravana,Moon,4,Venus,Capricorn,Ma Kết,"20°29'23.01""",Shravana,Moon,4,0th House,0,0,0.0934,0.0934,Standard
2026-01-29 12:45:00,Parashara_Drishti,Venus,Capricorn,Ma Kết,"20°29'23.01""",Shravana,Moon,4,Mercury,Capricorn,Ma Kết,"20°23'46.72""",Shravana,Moon,4,0th House,0,0,359.9066,0.0934,Standard
2026-01-29 13:00:00,Parashara_Drishti,Mercury,Capricorn,Ma Kết,"20°24'52.31""",Shravana,Moon,4,Venus,Capricorn,Ma Kết,"20°30'10.08""",Shravana,Moon,4,0th House,0,0,0.0883,0.0883,Standard
2026-01-29 13:00:00,Parashara_Drishti,Venus,Capricorn,Ma Kết,"20°30'10.08""",Shravana,Moon,4,Mercury,Capricorn,Ma Kết,"20°24'52.31""",Shravana,Moon,4,0th House,0,0,359.9117,0.0883,Standard
2026-01-29 13:15:00,Parashara_Drishti,Mercury,Capricorn,Ma Kết,"20°25'57.89""",Shravana,Moon,4,Venus,Capricorn,Ma Kết,"20°30'57.16""",Shravana,Moon,4,0th House,0,0,0.0831,0.0831,Standard
2026-01-29 13:15:00,Parashara_Drishti,Venus,Capricorn,Ma Kết,"20°30'57.16""",Shravana,Moon,4,Mercury,Capricorn,Ma Kết,"20°25'57.89""",Shravana,Moon,4,0th House,0,0,359.9169,0.0831,Standard
2026-01-29 13:30:00,Parashara_Drishti,Mercury,Capricorn,Ma Kết,"20°27'03.49""",Shravana,Moon,4,Venus,Capricorn,Ma Kết,"20°31'44.23""",Shravana,Moon,4,0th House,0,0,0.078,0.078,Standard
2026-01-29 13:30:00,Parashara_Drishti,Venus,Capricorn,Ma Kết,"20°31'44.23""",Shravana,Moon,4,Mercury,Capricorn,Ma Kết,"20°27'03.49""",Shravana,Moon,4,0th House,0,0,359.922,0.078,Standard
2026-01-29 13:45:00,Parashara_Drishti,Mercury,Capricorn,Ma Kết,"20°28'09.08""",Shravana,Moon,4,Venus,Capricorn,Ma Kết,"20°32'31.30""",Shravana,Moon,4,0th House,0,0,0.0728,0.0728,Standard
2026-01-29 13:45:00,Parashara_Drishti,Venus,Capricorn,Ma Kết,"20°32'31.30""",Shravana,Moon,4,Mercury,Capricorn,Ma Kết,"20°28'09.08""",Shravana,Moon,4,0th House,0,0,359.9272,0.0728,Standard
2026-01-29 14:00:00,Parashara_Drishti,Mercury,Capricorn,Ma Kết,"20°29'14.68""",Shravana,Moon,4,Venus,Capricorn,Ma Kết,"20°33'18.38""",Shravana,Moon,4,0th House,0,0,0.0677,0.0677,Standard
2026-01-29 14:00:00,Parashara_Drishti,Venus,Capricorn,Ma Kết,"20°33'18.38""",Shravana,Moon,4,Mercury,Capricorn,Ma Kết,"20°29'14.68""",Shravana,Moon,4,0th House,0,0,359.9323,0.0677,Standard
2026-01-29 14:15:00,Parashara_Drishti,Mercury,Capricorn,Ma Kết,"20°30'20.28""",Shravana,Moon,4,Venus,Capricorn,Ma Kết,"20°34'05.45""",Shravana,Moon,4,0th House,0,0,0.0625,0.0625,Standard
2026-01-29 14:15:00,Parashara_Drishti,Venus,Capricorn,Ma Kết,"20°34'05.45""",Shravana,Moon,4,Mercury,Capricorn,Ma Kết,"20°30'20.28""",Shravana,Moon,4,0th House,0,0,359.9375,0.0625,Standard
2026-01-29 14:30:00,Parashara_Drishti,Mercury,Capricorn,Ma Kết,"20°31'25.88""",Shravana,Moon,4,Venus,Capricorn,Ma Kết,"20°34'52.52""",Shravana,Moon,4,0th House,0,0,0.0574,0.0574,Standard
2026-01-29 14:30:00,Parashara_Drishti,Venus,Capricorn,Ma Kết,"20°34'52.52""",Shravana,Moon,4,Mercury,Capricorn,Ma Kết,"20°31'25.88""",Shravana,Moon,4,0th House,0,0,359.9426,0.0574,Standard
2026-01-29 14:45:00,Parashara_Drishti,Mercury,Capricorn,Ma Kết,"20°32'31.49""",Shravana,Moon,4,Venus,Capricorn,Ma Kết,"20°35'39.60""",Shravana,Moon,4,0th House,0,0,0.0523,0.0523,Standard
2026-01-29 14:45:00,Parashara_Drishti,Venus,Capricorn,Ma Kết,"20°35'39.60""",Shravana,Moon,4,Mercury,Capricorn,Ma Kết,"20°32'31.49""",Shravana,Moon,4,0th House,0,0,359.9477,0.0523,Standard
2026-01-29 15:00:00,Parashara_Drishti,Mercury,Capricorn,Ma Kết,"20°33'37.10""",Shravana,Moon,4,Venus,Capricorn,Ma Kết,"20°36'26.67""",Shravana,Moon,4,0th House,0,0,0.0471,0.0471,Standard
2026-01-29 15:00:00,Parashara_Drishti,Venus,Capricorn,Ma Kết,"20°36'26.67""",Shravana,Moon,4,Mercury,Capricorn,Ma Kết,"20°33'37.10""",Shravana,Moon,4,0th House,0,0,359.9529,0.0471,Standard
2026-01-29 15:15:00,Parashara_Drishti,Mercury,Capricorn,Ma Kết,"20°34'42.71""",Shravana,Moon,4,Venus,Capricorn,Ma Kết,"20°37'13.74""",Shravana,Moon,4,0th House,0,0,0.042,0.042,Standard
2026-01-29 15:15:00,Parashara_Drishti,Venus,Capricorn,Ma Kết,"20°37'13.74""",Shravana,Moon,4,Mercury,Capricorn,Ma Kết,"20°34'42.71""",Shravana,Moon,4,0th House,0,0,359.958,0.042,Standard
2026-01-29 15:30:00,Parashara_Drishti,Mercury,Capricorn,Ma Kết,"20°35'48.33""",Shravana,Moon,4,Venus,Capricorn,Ma Kết,"20°38'00.82""",Shravana,Moon,4,0th House,0,0,0.0368,0.0368,Standard
2026-01-29 15:30:00,Parashara_Drishti,Venus,Capricorn,Ma Kết,"20°38'00.82""",Shravana,Moon,4,Mercury,Capricorn,Ma Kết,"20°35'48.33""",Shravana,Moon,4,0th House,0,0,359.9632,0.0368,Standard
2026-01-29 15:45:00,Parashara_Drishti,Mercury,Capricorn,Ma Kết,"20°36'53.95""",Shravana,Moon,4,Venus,Capricorn,Ma Kết,"20°38'47.89""",Shravana,Moon,4,0th House,0,0,0.0316,0.0316,Standard
2026-01-29 15:45:00,Parashara_Drishti,Venus,Capricorn,Ma Kết,"20°38'47.89""",Shravana,Moon,4,Mercury,Capricorn,Ma Kết,"20°36'53.95""",Shravana,Moon,4,0th House,0,0,359.9684,0.0316,Standard
2026-01-29 16:00:00,Parashara_Drishti,Mercury,Capricorn,Ma Kết,"20°37'59.57""",Shravana,Moon,4,Venus,Capricorn,Ma Kết,"20°39'34.96""",Shravana,Moon,4,0th House,0,0,0.0265,0.0265,Standard
2026-01-29 16:00:00,Parashara_Drishti,Venus,Capricorn,Ma Kết,"20°39'34.96""",Shravana,Moon,4,Mercury,Capricorn,Ma Kết,"20°37'59.57""",Shravana,Moon,4,0th House,0,0,359.9735,0.0265,Standard
2026-01-29 16:15:00,Parashara_Drishti,Mercury,Capricorn,Ma Kết,"20°39'05.20""",Shravana,Moon,4,Venus,Capricorn,Ma Kết,"20°40'22.03""",Shravana,Moon,4,0th House,0,0,0.0213,0.0213,Standard
2026-01-29 16:15:00,Parashara_Drishti,Venus,Capricorn,Ma Kết,"20°40'22.03""",Shravana,Moon,4,Mercury,Capricorn,Ma Kết,"20°39'05.20""",Shravana,Moon,4,0th House,0,0,359.9787,0.0213,Standard
2026-01-29 16:30:00,Parashara_Drishti,Mercury,Capricorn,Ma Kết,"20°40'10.82""",Shravana,Moon,4,Venus,Capricorn,Ma Kết,"20°41'09.11""",Shravana,Moon,4,0th House,0,0,0.0162,0.0162,Standard
2026-01-29 16:30:00,Parashara_Drishti,Venus,Capricorn,Ma Kết,"20°41'09.11""",Shravana,Moon,4,Mercury,Capricorn,Ma Kết,"20°40'10.82""",Shravana,Moon,4,0th House,0,0,359.9838,0.0162,Standard
2026-01-29 16:45:00,Parashara_Drishti,Mercury,Capricorn,Ma Kết,"20°41'16.45""",Shravana,Moon,4,Venus,Capricorn,Ma Kết,"20°41'56.18""",Shravana,Moon,4,0th House,0,0,0.011,0.011,Standard
2026-01-29 16:45:00,Parashara_Drishti,Venus,Capricorn,Ma Kết,"20°41'56.18""",Shravana,Moon,4,Mercury,Capricorn,Ma Kết,"20°41'16.45""",Shravana,Moon,4,0th House,0,0,359.989,0.011,Standard
2026-01-29 17:00:00,Parashara_Drishti,Mercury,Capricorn,Ma Kết,"20°42'22.09""",Shravana,Moon,4,Venus,Capricorn,Ma Kết,"20°42'43.25""",Shravana,Moon,4,0th House,0,0,0.0059,0.0059,Standard
2026-01-29 17:00:00,Parashara_Drishti,Venus,Capricorn,Ma Kết,"20°42'43.25""",Shravana,Moon,4,Mercury,Capricorn,Ma Kết,"20°42'22.09""",Shravana,Moon,4,0th House,0,0,359.9941,0.0059,Standard
2026-01-29 17:15:00,Parashara_Drishti,Mercury,Capricorn,Ma Kết,"20°43'27.72""",Shravana,Moon,4,Venus,Capricorn,Ma Kết,"20°43'30.32""",Shravana,Moon,4,0th House,0,0,0.0007,0.0007,Standard
2026-01-29 17:15:00,Parashara_Drishti,Venus,Capricorn,Ma Kết,"20°43'30.32""",Shravana,Moon,4,Mercury,Capricorn,Ma Kết,"20°43'27.72""",Shravana,Moon,4,0th House,0,0,359.9993,0.0007,Standard
2026-01-29 17:30:00,Parashara_Drishti,Mercury,Capricorn,Ma Kết,"20°44'33.36""",Shravana,Moon,4,Venus,Capricorn,Ma Kết,"20°44'17.40""",Shravana,Moon,4,0th House,0,0,359.9956,0.0044,Standard
2026-01-29 17:30:00,Parashara_Drishti,Venus,Capricorn,Ma Kết,"20°44'17.40""",Shravana,Moon,4,Mercury,Capricorn,Ma Kết,"20°44'33.36""",Shravana,Moon,4,0th House,0,0,0.0044,0.0044,Standard
2026-01-29 17:45:00,Parashara_Drishti,Mercury,Capricorn,Ma Kết,"20°45'39.01""",Shravana,Moon,4,Venus,Capricorn,Ma Kết,"20°45'04.47""",Shravana,Moon,4,0th House,0,0,359.9904,0.0096,Standard
2026-01-29 17:45:00,Parashara_Drishti,Venus,Capricorn,Ma Kết,"20°45'04.47""",Shravana,Moon,4,Mercury,Capricorn,Ma Kết,"20°45'39.01""",Shravana,Moon,4,0th House,0,0,0.0096,0.0096,Standard
2026-01-29 18:00:00,Parashara_Drishti,Mercury,Capricorn,Ma Kết,"20°46'44.65""",Shravana,Moon,4,Venus,Capricorn,Ma Kết,"20°45'51.54""",Shravana,Moon,4,0th House,0,0,359.9852,0.0148,Standard
2026-01-29 18:00:00,Parashara_Drishti,Venus,Capricorn,Ma Kết,"20°45'51.54""",Shravana,Moon,4,Mercury,Capricorn,Ma Kết,"20°46'44.65""",Shravana,Moon,4,0th House,0,0,0.0148,0.0148,Standard
2026-01-29 18:15:00,Parashara_Drishti,Mercury,Capricorn,Ma Kết,"20°47'50.30""",Shravana,Moon,4,Venus,Capricorn,Ma Kết,"20°46'38.61""",Shravana,Moon,4,0th House,0,0,359.9801,0.0199,Standard
2026-01-29 18:15:00,Parashara_Drishti,Venus,Capricorn,Ma Kết,"20°46'38.61""",Shravana,Moon,4,Mercury,Capricorn,Ma Kết,"20°47'50.30""",Shravana,Moon,4,0th House,0,0,0.0199,0.0199,Standard
2026-01-29 18:30:00,Parashara_Drishti,Mercury,Capricorn,Ma Kết,"20°48'55.95""",Shravana,Moon,4,Venus,Capricorn,Ma Kết,"20°47'25.68""",Shravana,Moon,4,0th House,0,0,359.9749,0.0251,Standard
2026-01-29 18:30:00,Parashara_Drishti,Venus,Capricorn,Ma Kết,"20°47'25.68""",Shravana,Moon,4,Mercury,Capricorn,Ma Kết,"20°48'55.95""",Shravana,Moon,4,0th House,0,0,0.0251,0.0251,Standard
2026-01-29 18:45:00,Parashara_Drishti,Mercury,Capricorn,Ma Kết,"20°50'01.61""",Shravana,Moon,4,Venus,Capricorn,Ma Kết,"20°48'12.76""",Shravana,Moon,4,0th House,0,0,359.9698,0.0302,Standard
2026-01-29 18:45:00,Parashara_Drishti,Venus,Capricorn,Ma Kết,"20°48'12.76""",Shravana,Moon,4,Mercury,Capricorn,Ma Kết,"20°50'01.61""",Shravana,Moon,4,0th House,0,0,0.0302,0.0302,Standard
2026-01-29 19:00:00,Parashara_Drishti,Mercury,Capricorn,Ma Kết,"20°51'07.26""",Shravana,Moon,4,Venus,Capricorn,Ma Kết,"20°48'59.83""",Shravana,Moon,4,0th House,0,0,359.9646,0.0354,Standard
2026-01-29 19:00:00,Parashara_Drishti,Venus,Capricorn,Ma Kết,"20°48'59.83""",Shravana,Moon,4,Mercury,Capricorn,Ma Kết,"20°51'07.26""",Shravana,Moon,4,0th House,0,0,0.0354,0.0354,Standard
2026-01-29 19:15:00,Parashara_Drishti,Mercury,Capricorn,Ma Kết,"20°52'12.92""",Shravana,Moon,4,Venus,Capricorn,Ma Kết,"20°49'46.90""",Shravana,Moon,4,0th House,0,0,359.9594,0.0406,Standard
2026-01-29 19:15:00,Parashara_Drishti,Venus,Capricorn,Ma Kết,"20°49'46.90""",Shravana,Moon,4,Mercury,Capricorn,Ma Kết,"20°52'12.92""",Shravana,Moon,4,0th House,0,0,0.0406,0.0406,Standard
2026-01-29 19:30:00,Parashara_Drishti,Mercury,Capricorn,Ma Kết,"20°53'18.59""",Shravana,Moon,4,Venus,Capricorn,Ma Kết,"20°50'33.97""",Shravana,Moon,4,0th House,0,0,359.9543,0.0457,Standard
2026-01-29 19:30:00,Parashara_Drishti,Venus,Capricorn,Ma Kết,"20°50'33.97""",Shravana,Moon,4,Mercury,Capricorn,Ma Kết,"20°53'18.59""",Shravana,Moon,4,0th House,0,0,0.0457,0.0457,Standard
2026-01-29 19:45:00,Parashara_Drishti,Mercury,Capricorn,Ma Kết,"20°54'24.25""",Shravana,Moon,4,Venus,Capricorn,Ma Kết,"20°51'21.04""",Shravana,Moon,4,0th House,0,0,359.9491,0.0509,Standard
2026-01-29 19:45:00,Parashara_Drishti,Venus,Capricorn,Ma Kết,"20°51'21.04""",Shravana,Moon,4,Mercury,Capricorn,Ma Kết,"20°54'24.25""",Shravana,Moon,4,0th House,0,0,0.0509,0.0509,Standard
2026-01-29 20:00:00,Parashara_Drishti,Mercury,Capricorn,Ma Kết,"20°55'29.92""",Shravana,Moon,4,Venus,Capricorn,Ma Kết,"20°52'08.11""",Shravana,Moon,4,0th House,0,0,359.9439,0.0561,Standard
2026-01-29 20:00:00,Parashara_Drishti,Venus,Capricorn,Ma Kết,"20°52'08.11""",Shravana,Moon,4,Mercury,Capricorn,Ma Kết,"20°55'29.92""",Shravana,Moon,4,0th House,0,0,0.0561,0.0561,Standard
2026-01-29 20:15:00,Parashara_Drishti,Mercury,Capricorn,Ma Kết,"20°56'35.59""",Shravana,Moon,4,Venus,Capricorn,Ma Kết,"20°52'55.19""",Shravana,Moon,4,0th House,0,0,359.9388,0.0612,Standard
2026-01-29 20:15:00,Parashara_Drishti,Venus,Capricorn,Ma Kết,"20°52'55.19""",Shravana,Moon,4,Mercury,Capricorn,Ma Kết,"20°56'35.59""",Shravana,Moon,4,0th House,0,0,0.0612,0.0612,Standard
2026-01-29 20:30:00,Parashara_Drishti,Mercury,Capricorn,Ma Kết,"20°57'41.27""",Shravana,Moon,4,Venus,Capricorn,Ma Kết,"20°53'42.26""",Shravana,Moon,4,0th House,0,0,359.9336,0.0664,Standard
2026-01-29 20:30:00,Parashara_Drishti,Venus,Capricorn,Ma Kết,"20°53'42.26""",Shravana,Moon,4,Mercury,Capricorn,Ma Kết,"20°57'41.27""",Shravana,Moon,4,0th House,0,0,0.0664,0.0664,Standard
2026-01-29 20:45:00,Parashara_Drishti,Mercury,Capricorn,Ma Kết,"20°58'46.95""",Shravana,Moon,4,Venus,Capricorn,Ma Kết,"20°54'29.33""",Shravana,Moon,4,0th House,0,0,359.9284,0.0716,Standard
2026-01-29 20:45:00,Parashara_Drishti,Venus,Capricorn,Ma Kết,"20°54'29.33""",Shravana,Moon,4,Mercury,Capricorn,Ma Kết,"20°58'46.95""",Shravana,Moon,4,0th House,0,0,0.0716,0.0716,Standard
2026-01-29 21:00:00,Parashara_Drishti,Mercury,Capricorn,Ma Kết,"20°59'52.63""",Shravana,Moon,4,Venus,Capricorn,Ma Kết,"20°55'16.40""",Shravana,Moon,4,0th House,0,0,359.9233,0.0767,Standard
2026-01-29 21:00:00,Parashara_Drishti,Venus,Capricorn,Ma Kết,"20°55'16.40""",Shravana,Moon,4,Mercury,Capricorn,Ma Kết,"20°59'52.63""",Shravana,Moon,4,0th House,0,0,0.0767,0.0767,Standard
2026-01-29 21:15:00,Parashara_Drishti,Mercury,Capricorn,Ma Kết,"21°00'58.31""",Shravana,Moon,4,Venus,Capricorn,Ma Kết,"20°56'03.47""",Shravana,Moon,4,0th House,0,0,359.9181,0.0819,Standard
2026-01-29 21:15:00,Parashara_Drishti,Venus,Capricorn,Ma Kết,"20°56'03.47""",Shravana,Moon,4,Mercury,Capricorn,Ma Kết,"21°00'58.31""",Shravana,Moon,4,0th House,0,0,0.0819,0.0819,Standard
2026-01-29 21:30:00,Parashara_Drishti,Mercury,Capricorn,Ma Kết,"21°02'04.00""",Shravana,Moon,4,Venus,Capricorn,Ma Kết,"20°56'50.54""",Shravana,Moon,4,0th House,0,0,359.9129,0.0871,Standard
2026-01-29 21:30:00,Parashara_Drishti,Venus,Capricorn,Ma Kết,"20°56'50.54""",Shravana,Moon,4,Mercury,Capricorn,Ma Kết,"21°02'04.00""",Shravana,Moon,4,0th House,0,0,0.0871,0.0871,Standard
2026-01-29 21:45:00,Parashara_Drishti,Mercury,Capricorn,Ma Kết,"21°03'09.68""",Shravana,Moon,4,Venus,Capricorn,Ma Kết,"20°57'37.61""",Shravana,Moon,4,0th House,0,0,359.9078,0.0922,Standard
2026-01-29 21:45:00,Parashara_Drishti,Venus,Capricorn,Ma Kết,"20°57'37.61""",Shravana,Moon,4,Mercury,Capricorn,Ma Kết,"21°03'09.68""",Shravana,Moon,4,0th House,0,0,0.0922,0.0922,Standard
2026-01-29 22:00:00,Parashara_Drishti,Mercury,Capricorn,Ma Kết,"21°04'15.38""",Shravana,Moon,4,Venus,Capricorn,Ma Kết,"20°58'24.68""",Shravana,Moon,4,0th House,0,0,359.9026,0.0974,Standard
2026-01-29 22:00:00,Parashara_Drishti,Venus,Capricorn,Ma Kết,"20°58'24.68""",Shravana,Moon,4,Mercury,Capricorn,Ma Kết,"21°04'15.38""",Shravana,Moon,4,0th House,0,0,0.0974,0.0974,Standard
2026-01-29 22:15:00,Parashara_Drishti,Mercury,Capricorn,Ma Kết,"21°05'21.07""",Shravana,Moon,4,Venus,Capricorn,Ma Kết,"20°59'11.75""",Shravana,Moon,4,0th House,0,0,359.8974,0.1026,Standard
2026-01-29 22:15:00,Parashara_Drishti,Venus,Capricorn,Ma Kết,"20°59'11.75""",Shravana,Moon,4,Mercury,Capricorn,Ma Kết,"21°05'21.07""",Shravana,Moon,4,0th House,0,0,0.1026,0.1026,Standard
2026-01-29 22:30:00,Parashara_Drishti,Mercury,Capricorn,Ma Kết,"21°06'26.77""",Shravana,Moon,4,Venus,Capricorn,Ma Kết,"20°59'58.82""",Shravana,Moon,4,0th House,0,0,359.8922,0.1078,Standard
2026-01-29 22:30:00,Parashara_Drishti,Venus,Capricorn,Ma Kết,"20°59'58.82""",Shravana,Moon,4,Mercury,Capricorn,Ma Kết,"21°06'26.77""",Shravana,Moon,4,0th House,0,0,0.1078,0.1078,Standard
2026-01-29 22:45:00,Parashara_Drishti,Mercury,Capricorn,Ma Kết,"21°07'32.47""",Shravana,Moon,4,Venus,Capricorn,Ma Kết,"21°00'45.89""",Shravana,Moon,4,0th House,0,0,359.8871,0.1129,Standard
2026-01-29 22:45:00,Parashara_Drishti,Venus,Capricorn,Ma Kết,"21°00'45.89""",Shravana,Moon,4,Mercury,Capricorn,Ma Kết,"21°07'32.47""",Shravana,Moon,4,0th House,0,0,0.1129,0.1129,Standard
2026-01-29 23:00:00,Parashara_Drishti,Mercury,Capricorn,Ma Kết,"21°08'38.17""",Shravana,Moon,4,Venus,Capricorn,Ma Kết,"21°01'32.96""",Shravana,Moon,4,0th House,0,0,359.8819,0.1181,Standard
2026-01-29 23:00:00,Parashara_Drishti,Venus,Capricorn,Ma Kết,"21°01'32.96""",Shravana,Moon,4,Mercury,Capricorn,Ma Kết,"21°08'38.17""",Shravana,Moon,4,0th House,0,0,0.1181,0.1181,Standard
2026-01-29 23:15:00,Parashara_Drishti,Mercury,Capricorn,Ma Kết,"21°09'43.88""",Shravana,Moon,4,Venus,Capricorn,Ma Kết,"21°02'20.03""",Shravana,Moon,4,0th House,0,0,359.8767,0.1233,Standard
2026-01-29 23:15:00,Parashara_Drishti,Venus,Capricorn,Ma Kết,"21°02'20.03""",Shravana,Moon,4,Mercury,Capricorn,Ma Kết,"21°09'43.88""",Shravana,Moon,4,0th House,0,0,0.1233,0.1233,Standard
2026-01-29 23:30:00,Parashara_Drishti,Mercury,Capricorn,Ma Kết,"21°10'49.59""",Shravana,Moon,4,Venus,Capricorn,Ma Kết,"21°03'07.10""",Shravana,Moon,4,0th House,0,0,359.8715,0.1285,Standard
2026-01-29 23:30:00,Parashara_Drishti,Venus,Capricorn,Ma Kết,"21°03'07.10""",Shravana,Moon,4,Mercury,Capricorn,Ma Kết,"21°10'49.59""",Shravana,Moon,4,0th House,0,0,0.1285,0.1285,Standard
2026-01-29 23:45:00,Parashara_Drishti,Mercury,Capricorn,Ma Kết,"21°11'55.30""",Shravana,Moon,4,Venus,Capricorn,Ma Kết,"21°03'54.17""",Shravana,Moon,4,0th House,0,0,359.8664,0.1336,Standard
2026-01-29 23:45:00,Parashara_Drishti,Venus,Capricorn,Ma Kết,"21°03'54.17""",Shravana,Moon,4,Mercury,Capricorn,Ma Kết,"21°11'55.30""",Shravana,Moon,4,0th House,0,0,0.1336,0.1336,Standard
